0.000000000000000000e+00 1.496180623106515808e+11 1.497243540195502319e+11 8.748458426279360962e+10 4.605027653997492218e+10 3.127347327280660920e+03
1.000000000000000056e-01 7.470676994162718201e+10 5.403518366655535126e+10 2.618011636075547409e+10 2.761072336859451294e+10 1.707880268784278087e+03
2.000000000000000111e-01 3.929591259095649719e+10 2.201978244791206741e+10 2.775994639754131794e+09 2.050086704797264481e+10 6.706625012705899280e+02
2.999999999999999889e-01 2.406965854959792709e+10 1.218075995591281128e+10 5.717686343243155479e+08 2.069802018273156738e+10 4.574702018497806648e+02
4.000000000000000222e-01 1.837314462702446365e+10 7.713861808784088135e+09 3.304980128998715281e+08 2.108031614026026154e+10 4.149323721449152345e+02
5.000000000000000000e-01 1.414374587366590309e+10 4.305893223234985352e+09 1.951556027685357034e+08 1.962326749002947998e+10 3.678852099458014209e+02
5.999999999999999778e-01 7.763640801854100227e+09 2.332081746488303661e+09 1.130842829881494939e+08 1.734807429624224472e+10 3.017227217457696611e+02
6.999999999999999556e-01 2.420469741618085861e+09 1.345667486926381588e+09 6.806294468838052452e+07 1.388665549370068741e+10 2.192831241027807323e+02
8.000000000000000444e-01 8.808601996138164997e+08 4.648790474185848236e+08 3.638883705537303537e+07 7.185056176834162712e+09 1.257958384389596063e+02
9.000000000000000222e-01 2.698537085117980838e+08 1.130756313461542279e+08 1.270843664010813273e+07 2.573582700396746159e+09 5.108342436990025703e+01
1.000000000000000000e+00 1.292553362172853667e+06 1.866932644545187650e+05 7.274595536609199189e+04 1.150739306035549641e+08 5.280350565274297914e+00
