# ----- Rotor performance tables for the WEIS Turbine wind turbine ----- 
# ------------ Written on Jan-10-25 using the ROSCO toolbox ------------ 

# Pitch angle vector, 10 entries - x axis (matrix columns) (deg)
-5.0   -1.111   2.778   6.667   10.56   14.44   18.33   22.22   26.11   30.0   
# TSR vector, 10 entries - y axis (matrix rows) (-)
2.0    3.111    4.222    5.333    6.444    7.556    8.667    9.778    10.89    12.0    
# Wind speed vector - z axis (m/s)
11.2    

# Power coefficient

0.007439   0.015943   0.025503   0.035001   0.044152   0.053609   0.059859   0.059888   0.054503   0.044890   
0.048156   0.072704   0.097992   0.121161   0.127328   0.116759   0.095799   0.068754   0.036914   0.000452   
0.127156   0.182699   0.217698   0.210831   0.178399   0.134581   0.082750   0.022854   -0.045112   -0.112232   
0.258234   0.322108   0.310952   0.262253   0.197450   0.120004   0.029242   -0.075980   -0.186715   -0.268815   
0.404776   0.416396   0.368674   0.292572   0.195443   0.076987   -0.064826   -0.228637   -0.376304   -0.465199   
0.458545   0.464350   0.407135   0.309205   0.175653   0.006143   -0.201761   -0.434034   -0.611363   -0.717323   
0.422296   0.474231   0.432387   0.315364   0.139374   -0.093816   -0.385169   -0.691720   -0.899208   -1.040115   
0.367524   0.444846   0.446221   0.312519   0.086365   -0.225196   -0.618530   -1.004234   -1.250089   -1.446441   
0.295215   0.402217   0.448651   0.301198   0.015750   -0.390843   -0.905270   -1.376944   -1.674245   -1.948047   
0.203658   0.352944   0.438640   0.281478   -0.073681   -0.593896   -1.249238   -1.816386   -2.181162   -2.556218   


#  Thrust coefficient

0.068689   0.068643   0.069200   0.070476   0.072533   0.075781   0.076851   0.072903   0.064477   0.052486   
0.129985   0.136417   0.146112   0.156360   0.153241   0.136055   0.109899   0.078964   0.044508   0.007085   
0.235969   0.261525   0.274787   0.252808   0.208234   0.154825   0.096112   0.032725   -0.033924   -0.094321   
0.404602   0.431593   0.391124   0.317205   0.232361   0.140776   0.043153   -0.059159   -0.155767   -0.216556   
0.626812   0.581395   0.480192   0.361619   0.234031   0.098428   -0.044172   -0.188575   -0.300611   -0.346863   
0.814757   0.702677   0.554796   0.391746   0.216942   0.031511   -0.161803   -0.346448   -0.459123   -0.490792   
0.952741   0.804077   0.620356   0.410914   0.183796   -0.057432   -0.306951   -0.525978   -0.631398   -0.652566   
1.085071   0.887913   0.679087   0.421072   0.136230   -0.166834   -0.477181   -0.724003   -0.819779   -0.834543   
1.222065   0.969233   0.731644   0.423334   0.075348   -0.295718   -0.670521   -0.940045   -1.026242   -1.037933   
1.365630   1.053900   0.777675   0.418466   0.001923   -0.443493   -0.885698   -1.174541   -1.252016   -1.263364   


# Torque coefficient

0.003737   0.008009   0.012812   0.017584   0.022181   0.026932   0.030072   0.030087   0.027381   0.022552   
0.015553   0.023480   0.031647   0.039130   0.041122   0.037709   0.030939   0.022205   0.011922   0.000146   
0.030260   0.043477   0.051806   0.050172   0.042454   0.032026   0.019692   0.005438   -0.010735   -0.026708   
0.048650   0.060683   0.058581   0.049407   0.037198   0.022608   0.005509   -0.014314   -0.035176   -0.050643   
0.063109   0.064921   0.057481   0.045615   0.030472   0.012003   -0.010107   -0.035647   -0.058670   -0.072530   
0.060979   0.061751   0.054142   0.041119   0.023359   0.000817   -0.026831   -0.057719   -0.081301   -0.095392   
0.048959   0.054980   0.050129   0.036562   0.016158   -0.010876   -0.044654   -0.080194   -0.104249   -0.120585   
0.037767   0.045712   0.045854   0.032114   0.008875   -0.023141   -0.063560   -0.103195   -0.128459   -0.148636   
0.027241   0.037114   0.041399   0.027793   0.001453   -0.036065   -0.083533   -0.127057   -0.154490   -0.179755   
0.017052   0.029552   0.036728   0.023568   -0.006169   -0.049727   -0.104599   -0.152087   -0.182630   -0.214033   

